200 200
596
1 16
1 169
1 73
2 76
2 44
2 23
3 8
3 105
3 163
4 96
4 178
4 76
5 48
5 64
5 32
6 117
6 149
6 125
7 168
7 196
7 38
8 171
8 5
8 103
9 104
9 52
9 108
10 34
10 59
10 39
11 68
11 125
11 70
12 89
12 197
12 47
13 96
13 122
13 199
14 32
14 81
14 195
15 51
15 53
15 133
16 64
16 40
16 50
17 137
17 179
17 175
18 16
18 137
18 146
19 74
19 118
19 151
20 186
20 106
20 111
21 97
21 84
21 191
22 33
22 27
22 44
23 137
23 139
23 77
24 41
24 35
24 61
25 138
25 87
25 71
26 57
26 20
26 199
27 169
27 130
27 69
28 82
28 62
28 199
29 98
29 147
29 126
30 88
30 44
30 151
31 56
31 17
31 53
32 44
32 124
32 150
33 169
33 166
33 71
34 144
34 18
34 60
35 40
35 27
35 159
36 64
36 149
36 151
37 178
37 188
37 101
38 1
38 28
38 63
39 169
39 187
39 93
40 64
40 76
40 37
41 136
41 51
41 111
42 178
42 83
42 130
43 41
43 50
43 109
44 74
44 188
44 47
45 96
45 111
45 79
46 120
46 33
46 17
47 59
47 172
47 150
48 192
48 178
48 22
49 98
49 52
49 93
50 9
50 108
50 87
51 112
51 89
51 140
52 2
52 172
52 198
53 64
53 136
53 60
54 81
54 106
54 93
55 146
55 123
55 166
56 160
56 58
56 35
57 49
57 43
57 37
58 96
58 20
58 23
59 73
59 146
59 46
60 10
60 150
60 38
61 168
61 84
61 165
62 41
62 91
62 37
63 185
63 20
63 103
64 137
64 125
64 118
65 116
65 50
65 52
66 80
66 196
66 156
67 131
67 6
67 23
68 94
68 102
68 134
69 114
69 141
69 135
70 145
70 45
70 6
71 121
71 53
71 198
72 155
72 84
72 63
73 104
73 154
73 102
74 144
74 37
74 126
75 19
75 94
75 23
76 65
76 198
76 15
77 88
77 34
77 103
78 72
78 97
78 83
79 80
79 157
79 149
80 91
80 167
80 7
81 153
81 172
81 135
82 186
82 86
82 150
83 64
83 106
83 165
84 105
84 5
84 55
85 123
85 112
85 163
86 40
86 86
86 191
87 2
87 180
87 46
88 24
88 157
88 165
89 82
89 92
89 93
90 75
90 107
90 167
91 34
91 27
91 191
92 58
92 131
92 188
93 128
93 127
93 167
94 83
94 20
94 182
95 9
95 123
95 12
96 152
96 170
96 187
97 116
97 187
97 28
98 145
98 61
98 5
99 48
99 77
99 119
100 24
100 99
100 190
101 106
101 148
101 98
102 32
102 82
102 188
103 129
103 113
103 9
104 9
104 139
104 100
105 105
105 36
105 175
106 50
106 109
106 55
107 96
107 99
107 7
108 50
108 163
108 158
109 119
109 188
109 183
110 98
110 100
110 14
111 48
111 123
111 141
112 187
112 84
112 173
113 160
113 195
113 36
114 91
114 51
114 139
115 164
115 171
115 44
116 43
116 4
116 94
117 193
117 139
117 134
118 107
118 12
118 95
119 128
119 82
119 194
120 163
120 143
120 87
121 112
121 148
121 30
122 65
122 170
122 95
123 120
123 99
123 140
124 28
124 22
125 169
125 18
125 125
126 80
126 178
126 11
127 197
127 14
127 31
128 81
128 22
128 135
129 128
129 146
129 166
130 58
130 127
130 71
131 176
131 185
131 30
132 163
132 108
132 23
133 1
133 155
133 151
134 129
134 180
134 69
135 152
135 176
135 180
136 192
136 74
136 157
137 115
137 191
137 175
138 116
138 55
139 136
139 49
139 52
140 105
140 52
140 125
141 192
141 65
141 125
142 120
142 182
142 118
143 48
143 178
143 76
144 145
144 175
144 167
145 88
145 60
145 53
146 72
146 26
146 3
147 10
147 11
147 38
148 96
148 141
148 55
149 193
149 5
149 103
150 114
150 155
150 79
151 128
151 105
151 15
152 145
152 114
152 70
153 9
153 115
153 6
154 119
154 92
154 15
155 48
155 170
155 94
156 169
156 74
156 77
157 98
157 195
157 82
158 99
158 140
158 189
159 16
159 92
159 84
160 26
160 101
160 174
161 161
161 37
161 97
162 24
162 133
162 13
163 134
163 126
163 95
164 42
164 91
164 151
165 28
165 188
165 39
166 25
166 51
166 155
167 160
167 168
167 93
168 44
168 126
168 174
169 8
169 134
169 7
170 145
170 74
170 84
171 113
171 156
171 149
172 160
172 77
172 111
173 104
173 138
173 21
174 10
174 134
174 151
175 118
175 29
175 22
176 170
176 179
176 47
177 105
177 122
177 53
178 123
178 194
178 67
179 146
179 26
179 103
180 26
180 99
180 36
181 137
181 195
182 123
182 147
182 54
183 161
183 6
183 39
184 80
184 139
184 86
185 59
185 132
185 139
186 152
186 113
186 42
187 160
187 107
187 45
188 136
188 97
188 166
189 80
189 146
189 61
190 156
190 98
190 140
191 146
191 115
191 135
192 160
192 134
192 7
193 141
193 70
193 95
194 153
194 10
194 118
195 162
195 181
196 124
196 174
196 102
197 106
197 59
197 191
198 172
198 52
198 6
199 65
199 132
199 13
200 8
200 122
200 70
