1000
516 337 -813 524 376 68 -393 -120 836 417 -205 -140 358 -306 -339 -108 23 -130 -440 740 128 -434 -127 -486 -924 -970 -50 -185 314 -782 -722 -11 688 927 1000 656 -671 232 -828 228 298 690 677 630 -181 822 975 -731 -870 409 -930 -878 670 71 -303 275 -570 -106 -202 -158 47 340 -577 457 303 -982 -501 -503 394 -911 203 142 -216 432 -821 -447 -915 501 429 -5 -645 726 689 -25 -413 435 -137 341 987 302 290 -881 158 -14 -286 -505 -225 619 -661 -502 552 266 -77 -909 -280 -364 769 839 -303 885 -749 -329 892 -640 834 977 -457 138 -832 -259 -939 831 -141 728 448 622 784 -826 304 -125 946 37 634 410 592 -726 -860 -756 947 104 -114 304 -107 619 -242 -593 -221 -348 166 -432 388 -795 -606 -911 -272 794 -779 -832 -880 777 -627 468 -483 -458 -571 518 952 -793 -23 73 -103 -532 983 759 -400 202 -586 -437 -328 -593 658 -474 -598 741 845 -805 957 534 -458 -935 527 -224 -191 -275 60 -615 508 -366 188 834 -561 -602 -856 -610 177 132 292 216 -451 226 -19 109 255 807 152 -438 716 -61 -457 -358 -449 -128 851 770 59 788 552 -205 -592 902 356 -723 450 533 917 -721 -408 -309 -223 -554 -956 423 277 -84 -872 302 745 -266 -828 211 892 -45 54 -165 140 212 -678 -201 486 231 -981 -971 418 -801 174 245 -987 217 948 844 -130 442 -36 3 774 9 45 -98 217 -525 918 -682 192 116 240 -865 363 339 974 985 -749 639 -191 921 -231 -987 -644 -623 857 -627 890 379 582 -269 -757 -517 631 778 -74 -814 -956 -519 -385 382 848 -172 882 861 504 -243 -258 -252 48 824 -496 -417 -505 -300 -837 -676 -216 202 241 -370 215 569 104 129 -312 -444 -712 867 -842 -762 949 -94 -839 431 759 -788 253 -578 396 499 -564 -813 52 482 688 -774 -918 -373 -899 -967 667 758 -771 249 -846 627 -649 363 42 900 -785 418 60 -67 -460 287 -433 -445 -599 -421 -324 -173 144 -649 -964 -649 -140 -104 -208 588 565 819 672 762 8 -863 832 -737 -52 996 -1 -321 -267 605 -190 763 -770 -863 817 977 -582 363 -190 712 726 -29 842 -91 -332 998 -688 865 -4 -734 244 425 19 -410 532 380 821 889 -288 456 -712 767 80 -396 -88 -233 -393 -846 -213 -56 19 -469 466 690 -83 207 -10 -500 354 -399 -299 369 913 -886 981 812 518 -896 -137 -388 33 -419 -479 24 -833 -397 658 -717 -44 595 187 914 222 691 -726 -168 -441 -72 31 659 -889 106 -150 -196 -786 960 648 -769 245 227 -717 -921 100 -987 423 956 496 100 -941 433 -205 -13 -585 -346 694 -197 -296 -364 872 626 194 -938 502 -701 949 -722 577 -408 54 942 -393 651 252 715 715 -663 722 -234 458 -948 266 615 763 -739 -32 54 786 193 198 571 138 674 282 -822 -382 196 -905 -797 723 -111 -202 -88 -465 -354 -820 -897 -875 688 402 -770 -502 729 -908 -123 -531 34 314 -841 -930 -997 761 58 -641 746 -916 -36 -233 986 -376 572 97 -782 -845 648 862 -680 -855 848 341 -353 -850 202 -803 671 -733 719 871 -505 -955 733 609 -994 -90 -755 884 814 847 630 -719 39 194 -518 -347 234 -405 -147 -151 289 915 -130 559 -617 -668 -239 599 243 554 642 -281 -190 -731 -361 839 -150 786 -407 466 128 -147 302 666 858 -650 554 -456 867 451 511 -637 -41 321 170 -482 -620 -437 -404 61 -384 -856 -484 496 -13 577 -263 974 -180 -383 -176 -267 984 -164 791 339 -81 -564 24 -962 -413 871 253 976 699 -102 -233 -119 -553 -820 232 -445 607 -313 798 486 569 -855 23 339 -486 975 -636 -571 -723 276 -650 505 413 -991 -646 665 -27 21 -874 862 838 -34 965 501 188 384 -36 977 608 741 459 -545 -145 253 409 -356 417 20 -861 816 251 -416 225 -747 48 -630 -966 273 -520 844 -992 337 676 -97 133 93 361 79 836 -925 -9 -712 -352 921 343 536 171 291 541 -68 -950 -40 -858 -948 730 -222 404 162 -483 575 -492 590 259 -178 -777 -423 -916 -695 -359 535 -125 752 -880 -225 30 -257 -787 -772 639 79 413 -425 855 -992 161 -290 -100 -871 -824 674 -830 -338 761 509 -655 946 -462 -815 -130 -737 -371 730 -224 -582 -485 -443 89 -255 -340 -414 955 -208 509 -573 560 -788 -774 -253 799 41 775 686 -347 344 -88 548 -610 827 987 494 910 431 -606 461 394 345 65 975 -81 849 243 242 -720 -697 735 -861 -181 904 -103 862 -745 -291 699 -179 -82 422 -853 -920 -599 333 663 -945 86 -219 797 114 -904 215 -473 -687 445 -344 -941 130 -489 -438 -629 -106 -265 -949 879 -366 -329 960 946 -241 875 833 232 405 -424 -440 959 -909 -73 806 -669 -156 -884 -776 192 258 851 500 846 111 -194 993 -627 601 -35 -607 588 -299 -576 58 405 -234 236 -579 -632 -683 -553 -773 -946 -525 -292 531 -42 -352 852 -293 -477 76 935 -432 191 618 392 -234 -357 -450 -730 -404 851 458 741 -880 906 265 -475 -279 -492 560 736 -863 -786 -62 -193 -592 -422 933 342 930 -85 -9 299 -328 -887 -714 -140 880 -900 -777 769 946 -504 -174 56
3 86 323 60
1 436 506
5 351 665 793
2 233 964 69
1 91 469
3 241 744 291
1 213 943
3 516 910 -784
4 23 294
2 151 398 39
4 397 840
1 892 932
5 80 506 294
3 865 888 483
3 431 921 203
5 793 973 -413
5 215 499 941
2 270 327 -66
1 357 829
2 68 102 -393
5 111 669 -711
4 319 786
2 427 793 352
3 579 854 762
2 201 891 896
4 475 495
3 69 994 -523
1 55 718
2 49 479 743
3 20 789 -392
4 18 758
3 167 243 -535
2 791 885 -775
1 28 428
3 97 286 -449
2 26 992 -743
3 649 938 547
1 498 681
4 15 290
3 7 76 -620
2 343 363 -631
3 428 713 489
4 419 990
1 15 112
1 251 566
2 81 102 627
3 608 936 117
1 536 873
3 477 628 282
4 225 660
3 196 532 -995
1 732 811
1 177 998
1 107 459
1 741 947
5 755 920 -328
2 788 939 94
2 7 629 -495
3 503 661 560
2 412 748 990
3 793 934 245
1 565 740
4 8 358
4 126 423
5 181 613 -95
1 904 921
3 66 577 -236
1 142 419
1 213 839
2 80 813 418
4 143 504
1 564 839
1 93 674
4 365 704
5 306 786 -283
4 622 873
2 128 568 -234
2 103 394 892
3 475 943 720
5 638 985 409
5 216 892 -687
3 848 978 -632
4 2 162
5 350 739 -872
3 408 967 990
4 517 715
3 213 446 -264
5 722 932 841
4 304 757
3 261 670 770
4 103 280
1 528 941
5 241 873 -358
3 125 517 261
2 846 900 -744
3 51 60 -376
3 461 606 -636
2 114 715 -103
5 879 983 -699
4 277 301
4 665 903
3 97 99 -808
1 265 898
2 111 267 -10
1 702 903
5 739 993 128
1 112 300
2 524 971 -461
4 23 472
5 316 780 -116
1 410 623
1 590 874
4 500 765
3 639 753 470
3 90 837 759
5 87 910 -801
1 275 570
3 97 719 471
1 428 731
1 139 726
3 85 642 -410
4 262 508
3 51 705 -600
3 43 748 -775
1 115 987
4 778 812
2 218 761 774
3 118 624 614
4 335 553
2 562 685 264
1 165 448
4 92 556
3 593 719 918
1 339 858
4 465 607
3 154 333 153
3 339 735 -592
5 50 788 284
3 391 878 -112
4 876 979
3 142 796 -855
1 136 843
3 391 937 170
2 105 220 538
5 377 465 -742
5 250 439 -286
5 505 808 -983
5 285 918 806
5 390 405 -410
5 29 83 -463
5 58 767 -69
3 574 887 46
2 120 224 215
2 266 327 -946
1 237 517
2 383 442 705
5 301 391 366
3 320 663 208
3 201 640 885
2 67 155 -312
1 272 792
2 794 900 921
2 9 716 741
1 162 473
1 28 886
3 59 766 -841
2 495 906 -227
3 807 899 -331
5 570 715 -620
4 382 553
3 381 388 -343
1 143 887
2 327 455 213
4 250 922
2 226 647 827
5 260 926 188
1 938 986
2 348 434 671
3 732 929 -621
3 234 402 -844
3 520 592 906
5 253 383 -260
5 50 56 -88
3 577 859 -621
3 561 915 -206
4 262 537
3 646 753 -229
2 312 546 600
4 360 542
4 543 849
4 463 921
3 377 793 663
5 499 796 437
2 312 325 756
2 731 896 -805
3 595 813 -646
4 297 767
3 770 915 -89
2 205 849 -5
2 530 573 961
4 195 527
3 229 752 755
5 255 789 658
1 158 926
3 450 869 435
5 549 827 345
5 70 767 654
2 731 867 571
1 57 868
5 27 178 -895
1 40 789
4 143 157
3 12 247 -626
4 496 978
3 331 493 233
4 488 834
3 109 596 366
1 372 429
3 687 700 -700
1 117 570
5 176 645 965
2 452 550 -829
2 40 469 -662
1 580 698
4 125 335
3 605 909 -853
5 700 832 962
5 614 816 831
3 352 537 89
5 226 228 -39
5 337 723 873
1 641 815
5 527 722 95
3 283 966 -927
1 553 610
5 654 732 34
5 263 911 -102
3 532 887 -393
1 16 777
2 369 477 626
1 351 494
1 434 764
3 326 806 531
5 225 613 -649
2 753 814 956
3 185 442 127
4 638 721
2 177 726 -319
2 346 753 -176
1 134 145
1 899 927
1 10 325
3 397 453 -575
3 473 783 876
1 587 806
3 651 699 897
4 117 792
3 254 686 334
5 480 965 -792
3 79 575 -437
3 26 967 881
1 661 929
5 293 732 -805
1 383 905
4 131 743
2 117 175 411
1 710 840
5 149 457 349
1 208 792
4 197 679
2 251 937 -928
2 93 710 277
3 157 274 344
2 374 995 -939
2 74 81 625
3 74 504 -42
5 59 482 -825
5 110 473 422
1 163 672
1 160 728
4 141 491
4 291 770
2 9 900 -594
4 142 977
5 262 512 286
1 216 572
5 110 917 -609
5 568 652 -701
3 473 767 978
1 108 695
2 455 467 71
5 963 975 -917
3 521 960 -187
5 47 59 -34
3 100 205 264
5 784 967 824
4 250 296
3 320 896 517
1 614 807
4 468 491
5 651 752 -776
1 384 678
2 569 583 -761
5 547 927 -545
3 110 795 -740
5 1 99 -116
2 227 432 -77
1 366 424
5 522 663 -400
5 15 952 696
2 507 895 951
4 249 372
5 156 718 -858
5 213 307 347
3 403 712 396
3 138 951 -395
1 226 933
2 301 907 -590
1 121 302
3 717 915 267
4 190 389
1 824 986
3 253 357 -696
5 439 572 -537
4 376 594
4 89 440
3 209 637 -362
3 169 700 477
4 618 910
4 597 700
4 14 222
4 515 611
3 669 971 549
1 88 548
4 44 400
3 334 421 -886
3 197 893 870
2 51 670 -209
3 203 652 902
2 286 330 -526
1 22 893
3 14 933 -186
4 516 552
1 399 820
1 870 897
2 341 638 197
2 588 669 -675
1 133 708
5 237 676 60
5 249 618 -968
4 632 811
2 574 942 -843
4 513 961
1 167 367
2 499 974 608
4 346 413
2 59 946 278
2 199 397 10
2 768 973 -445
5 42 883 -296
1 348 934
5 248 934 -135
3 459 737 -892
5 10 821 156
4 690 833
3 177 374 -119
1 116 956
1 42 610
1 943 970
5 340 430 -357
2 341 788 -789
5 126 739 -764
1 682 819
2 180 263 -436
4 346 773
5 477 845 463
5 73 567 -585
5 802 982 -586
1 152 743
5 398 788 -589
1 139 866
2 920 945 -434
5 442 502 -424
4 655 996
2 116 784 319
2 164 484 963
5 50 853 166
3 197 969 -383
4 584 785
4 79 940
1 102 543
5 146 552 -793
4 714 897
2 574 746 773
5 237 735 -559
1 727 779
1 60 393
1 50 439
4 815 853
4 633 652
4 665 991
2 708 988 820
5 192 461 -194
5 70 336 115
5 33 700 -640
4 451 476
4 54 354
3 685 714 -490
2 227 910 351
2 301 932 815
1 139 981
5 115 671 620
4 47 555
3 134 591 74
1 60 79
3 731 763 742
1 572 660
2 782 805 90
2 423 590 727
2 343 429 -159
1 66 828
4 125 930
2 50 195 -729
1 240 963
3 125 251 78
2 12 711 -127
4 104 317
2 287 855 -26
2 0 284 947
1 614 865
4 327 584
4 548 556
4 9 819
5 318 985 936
4 94 138
2 126 239 -272
2 531 695 -412
3 117 600 356
1 708 758
2 566 883 -677
3 288 976 392
3 551 883 295
3 499 620 -422
5 141 567 -24
2 264 629 193
2 328 702 -432
4 150 597
5 352 731 -247
4 347 826
4 484 733
3 16 155 95
4 193 386
3 278 566 762
2 460 951 -257
5 781 878 -415
1 230 378
3 284 830 429
5 475 737 66
2 67 542 352
5 30 457 -469
3 50 80 -286
5 218 838 178
2 575 867 90
1 199 963
2 451 925 -360
3 116 500 536
5 0 540 562
5 99 967 -258
1 35 529
4 480 872
4 197 644
2 919 993 854
1 639 963
2 145 621 -256
1 675 875
1 197 521
2 654 752 -664
5 511 745 -101
3 169 837 500
3 404 505 -745
2 95 842 -960
2 159 247 -329
5 322 512 -998
5 279 461 -891
2 73 775 180
3 686 869 500
1 259 473
2 592 713 -409
4 262 551
2 64 284 950
4 235 839
5 35 173 863
4 674 757
4 181 589
3 1 556 -408
2 330 434 275
5 369 782 793
2 644 911 219
4 486 622
1 109 536
1 184 928
4 83 704
2 390 562 802
3 598 797 421
2 444 893 -661
2 111 252 -277
3 874 901 825
1 336 417
4 321 935
3 70 464 763
3 109 446 -998
3 205 301 -496
5 692 742 892
2 843 946 -658
3 51 57 -393
3 172 996 -936
4 421 681
1 295 541
4 28 545
3 379 874 458
3 419 684 -216
5 21 744 825
3 39 348 540
1 687 952
4 639 934
5 660 919 -904
5 0 20 438
1 220 304
2 878 898 -27
5 287 594 16
3 327 473 901
1 13 546
2 589 953 242
1 670 804
2 595 871 -167
2 391 455 302
2 75 648 -494
2 97 625 570
3 229 349 814
4 142 544
5 668 700 633
2 321 887 -880
5 870 948 419
3 141 536 984
2 9 779 301
1 611 704
1 35 39
3 78 409 852
2 309 879 511
4 395 929
2 164 490 557
5 253 354 -396
2 407 580 -303
3 84 290 -649
1 712 888
4 281 940
3 447 555 -829
3 674 867 -449
4 83 939
5 116 502 849
3 286 325 856
3 53 110 408
5 41 514 210
4 426 485
4 0 64
3 109 767 407
1 215 545
4 908 994
2 525 938 -223
5 198 723 868
5 55 703 719
4 70 616
4 10 447
1 37 435
2 372 836 921
2 746 832 -233
1 660 702
4 101 259
2 450 625 339
2 498 534 -264
3 462 945 242
5 84 121 -475
4 409 453
4 726 896
1 371 906
5 390 651 29
1 226 717
2 118 134 222
1 26 458
2 307 695 -422
3 509 529 -215
5 588 634 -152
2 663 950 -736
5 449 877 -28
2 83 442 461
1 250 355
4 581 683
3 780 915 969
2 120 312 748
4 115 783
5 323 957 98
3 564 978 -806
4 405 467
5 466 471 222
3 579 935 941
1 369 858
1 198 461
1 442 908
1 147 620
1 717 997
3 510 665 194
4 160 917
5 430 684 364
5 277 997 358
3 556 754 -738
1 66 155
3 154 228 -138
5 9 271 -126
2 9 255 224
1 0 565
5 28 906 427
4 68 506
4 162 461
5 334 785 125
5 83 332 -807
4 77 876
5 2 722 -849
3 697 847 210
5 451 908 471
5 102 695 -978
4 343 784
2 139 800 924
2 412 547 665
1 425 467
3 762 900 76
1 405 769
4 638 839
2 53 636 -894
4 1 450
1 401 597
1 41 880
3 19 398 -983
4 510 606
2 269 735 231
5 93 207 -820
3 713 819 987
3 305 440 -516
5 769 924 -587
4 111 192
5 407 440 458
4 441 481
1 455 620
2 87 892 -779
2 24 415 276
2 166 705 491
5 195 414 791
5 121 805 -586
4 233 757
4 308 640
3 474 624 361
1 152 385
2 220 443 -520
3 444 897 377
1 657 802
4 120 703
1 57 441
1 126 400
2 408 502 -594
2 519 630 -378
2 64 770 553
3 544 551 -288
3 139 477 -116
1 175 223
1 384 395
1 659 693
4 132 586
5 432 691 -284
1 962 967
4 478 769
5 746 769 -785
5 464 713 -609
5 668 845 523
3 527 636 -958
3 346 823 790
4 9 292
5 296 896 429
1 47 267
2 498 988 100
1 307 456
3 61 609 890
1 139 979
1 469 844
5 139 405 874
4 211 602
5 78 309 -737
1 217 655
4 380 935
2 731 872 757
1 467 770
1 467 906
4 40 320
3 516 569 -496
3 49 635 887
3 781 997 -605
2 466 690 -959
5 98 807 309
3 206 946 931
1 445 907
2 846 857 -328
5 356 564 -647
5 634 969 883
4 728 812
2 88 322 -503
1 298 600
1 319 618
4 541 823
2 712 884 183
3 67 213 -151
1 815 955
1 324 890
1 902 915
5 69 863 404
1 134 841
4 309 447
1 756 933
4 659 959
3 54 707 -131
1 810 918
2 747 750 105
3 362 967 326
1 478 868
4 601 852
1 366 788
3 506 920 593
1 303 960
3 7 129 614
3 614 649 -939
4 325 577
4 419 643
5 491 853 -5
5 444 948 333
1 216 999
3 207 810 -855
5 364 867 -284
4 577 734
1 53 569
2 157 545 510
5 86 422 54
2 609 995 -642
5 33 144 987
1 890 958
5 336 732 437
5 35 119 506
2 52 975 -372
2 157 332 -971
3 447 843 -366
3 554 886 152
3 43 392 -369
1 9 989
1 679 699
3 43 294 484
2 592 751 -324
4 46 393
3 494 581 987
1 169 409
3 246 375 893
5 352 578 -519
5 442 978 -694
2 39 425 -489
5 118 493 51
4 349 385
1 101 406
5 608 693 195
5 351 856 432
4 359 658
4 711 990
3 710 987 150
4 688 957
2 229 696 -187
1 42 336
1 484 757
3 227 955 840
2 288 457 -447
4 27 618
5 46 543 -346
5 70 368 -904
3 351 539 601
4 276 414
1 337 618
3 249 867 761
4 6 928
2 664 841 274
3 36 103 312
4 590 934
5 52 261 -409
1 268 704
3 72 612 -599
3 347 655 -671
5 430 445 38
1 365 567
1 166 305
5 743 950 -748
1 979 988
3 143 538 394
4 894 948
2 64 744 484
3 236 970 166
5 426 951 834
5 127 394 -216
2 698 932 642
4 413 898
1 26 855
5 665 930 219
1 405 898
2 237 976 -592
2 513 844 -898
1 49 657
3 900 983 -878
5 152 797 944
3 494 903 980
1 673 680
1 391 606
4 74 994
2 682 714 833
4 590 651
2 436 931 947
1 111 770
1 99 318
5 515 799 622
1 170 740
3 280 945 -862
4 335 406
4 66 171
2 23 889 -88
2 345 847 377
4 362 754
4 199 703
2 459 891 988
2 254 330 932
3 549 581 136
4 647 802
1 577 614
1 686 938
1 500 679
2 711 838 -319
3 100 963 796
2 576 651 -47
1 843 874
3 704 876 65
3 407 603 316
2 234 973 652
5 59 824 816
4 435 441
3 241 248 -482
4 572 965
1 287 628
5 609 848 711
3 118 828 -173
2 282 648 -824
5 499 536 258
5 858 953 -81
4 163 711
5 604 717 342
4 292 407
3 285 989 967
2 32 245 -459
4 392 761
1 244 366
1 891 910
1 163 939
1 256 281
2 196 602 777
5 328 437 -416
4 8 12
3 317 536 -301
4 240 752
2 907 983 156
2 187 658 -572
5 594 794 424
4 397 970
3 26 531 392
1 32 581
5 295 836 856
1 670 858
4 659 663
4 146 289
3 109 756 -541
5 322 569 -619
2 247 709 -575
2 736 907 418
5 813 814 680
2 282 459 -171
5 72 953 -569
4 507 885
5 315 671 297
5 352 942 189
4 114 941
2 692 741 874
1 386 927
2 142 177 -433
2 672 920 -37
2 272 987 832
2 547 960 297
1 119 584
2 283 808 982
2 536 782 -206
5 65 740 488
3 622 684 79
1 82 110
4 282 467
2 263 987 -442
1 706 745
2 112 327 -220
2 850 925 -326
2 78 933 189
4 263 350
1 87 767
1 208 566
3 555 873 -587
3 309 421 987
4 372 420
4 0 847
5 585 768 550
1 174 942
4 296 761
1 782 988
4 62 502
1 586 625
3 47 768 -287
5 158 859 -285
5 377 572 329
3 704 724 412
1 160 349
2 382 603 -868
2 319 950 23
4 490 848
2 16 950 152
3 13 80 -854
3 485 492 -912
3 478 483 696
2 131 148 -553
5 292 761 216
3 297 872 272
1 313 851
1 445 903
1 181 572
1 872 911
1 625 780
5 622 658 -454
2 10 720 -657
2 87 489 438
3 138 603 -829
3 660 875 977
1 179 849
2 186 976 126
3 153 594 235
1 168 871
2 86 156 -420
4 690 851
1 374 752
1 539 939
5 514 568 -98
5 39 179 -25
3 195 822 48
5 697 969 111
5 926 948 -972
5 82 536 95
5 24 921 -449
2 73 512 -839
5 540 945 -151
4 354 685
3 28 952 144
3 128 181 63
2 667 869 442
4 33 404
1 243 766
5 664 804 478
3 19 329 -491
1 86 998
4 434 493
1 79 703
2 250 646 -50
4 379 828
4 473 912
4 32 123
3 769 826 185
2 0 195 665
5 4 352 896
5 324 729 -312
1 528 624
5 594 931 -720
3 689 716 -475
4 287 600
3 539 835 714
5 655 752 -551
4 318 818
5 54 340 -567
1 229 446
3 408 604 -139
4 732 901
