1000
951 -144 -307 599 538 710 -463 -142 -449 455 627 -172 -99 769 -947 -629 -8 -350 -934 387 -616 151 -576 -398 952 972 952 -660 189 310 14 219 -119 589 97 -89 695 -832 -7 -215 367 720 -750 405 387 -581 398 26 -216 -919 -554 878 -767 -172 509 103 492 -770 -709 918 -241 -959 557 447 397 334 751 990 764 -377 -767 -365 -502 408 -781 -80 -279 960 -87 -970 721 656 -143 -647 420 47 -760 830 219 -456 -602 773 627 704 566 496 856 227 57 531 -783 -576 690 51 -479 769 -720 -547 719 -45 98 523 -167 -144 -654 -702 480 -539 987 -342 -711 498 -299 824 379 896 863 -339 -953 10 342 185 252 -60 -217 346 -654 659 -334 -113 -454 663 83 -633 -30 14 358 168 -981 904 -527 745 627 134 213 -241 856 -313 -738 -584 -851 -421 -62 -206 87 234 -402 -717 -829 447 -880 233 -619 -146 -115 978 -125 181 -650 700 201 -654 -504 215 -583 572 -693 459 311 -231 914 844 -21 -824 -904 181 -49 993 988 477 -458 230 -421 -513 559 195 378 -950 -843 -671 864 -596 -315 -308 111 375 -576 -846 986 589 -269 -770 947 -116 612 938 -576 -897 -215 372 219 -340 -700 -934 -505 -159 -540 736 -335 327 115 63 -828 -862 211 340 791 -777 479 247 831 28 -749 -74 535 -236 -968 -17 593 10 -588 720 904 -830 427 574 -979 -445 -421 -81 439 -695 -646 -554 661 608 154 177 -246 -372 -976 -687 418 -737 509 -924 451 801 571 7 846 961 -690 -989 537 -730 773 -735 -202 -415 697 753 -602 -207 -300 -252 -778 237 -589 886 -332 -509 -215 724 -182 -994 -163 -952 -290 -616 904 -852 -317 -344 442 249 908 743 -811 506 -584 -230 696 -693 -986 -122 -280 220 727 -272 -356 -146 406 359 392 -168 921 443 463 -153 421 -208 -939 -551 55 -755 -147 282 526 923 792 62 758 -362 571 -445 849 -778 -598 812 428 -565 639 -152 -872 -760 151 -545 -113 890 -849 613 -315 -689 -1000 93 711 428 72 -935 -8 -454 971 -856 990 383 -470 -921 -113 85 358 -540 -553 -371 545 286 -714 336 586 506 58 -117 65 563 -670 -712 859 142 575 629 -677 937 457 439 -448 549 -674 -677 -950 -19 -430 -598 790 233 -227 -729 -645 -962 724 31 631 296 731 536 -452 250 793 -503 463 -513 -481 771 29 -635 552 -616 99 991 -22 719 331 492 820 496 -525 -189 825 439 -336 -29 -824 760 -174 884 758 -846 664 660 -210 -295 -107 -62 -619 -480 -243 -18 -470 -95 -329 -406 765 543 409 -452 746 -922 805 570 445 15 97 -858 -500 -727 -607 -647 -887 -162 585 -255 527 -874 -932 565 -33 -605 539 -692 658 133 -103 675 981 -372 -22 -125 682 -558 -172 715 894 -801 436 -882 -21 -390 -495 930 643 738 22 -335 -582 468 -664 -516 479 -289 840 160 -245 -430 616 764 291 421 -895 384 394 343 835 360 -56 -481 898 787 -632 -360 -60 -987 -561 12 -56 680 118 586 276 241 -164 -916 -922 782 861 473 -336 -648 -186 710 -601 630 425 505 -12 399 -154 144 -456 165 -884 624 910 -119 481 -991 281 969 -195 -825 626 193 -697 498 -716 288 276 448 673 51 436 -453 -567 -556 -432 -937 693 804 -432 957 -104 672 497 969 -145 868 375 541 174 317 -835 -953 -513 119 -736 -167 -544 -288 995 321 781 796 -254 796 -916 -307 101 -470 60 292 -865 340 587 326 -792 997 -913 998 169 -763 859 908 213 611 -918 -732 482 33 329 659 -680 -63 276 -875 -420 214 433 362 767 788 -833 -41 299 -798 221 -472 382 -198 -852 -743 -128 619 311 448 598 -861 -175 200 660 864 -845 395 716 923 -967 879 778 -885 395 -604 453 119 -571 -91 -823 -264 82 6 532 -956 226 516 -209 40 143 117 257 -887 -197 -878 -732 -478 644 -692 122 -650 292 -171 -519 444 518 59 -278 -136 -79 604 396 402 463 744 409 360 -956 -838 670 -720 451 854 391 -372 -745 -847 -203 749 -868 -166 506 -852 792 -161 -708 308 231 148 355 -741 -761 -731 874 -239 -406 575 460 477 -850 -956 465 147 -178 770 -954 -195 -151 259 949 686 322 -873 81 -639 523 843 49 623 202 814 -522 279 -746 -385 12 410 215 863 -212 356 -895 138 -719 -305 -180 666 -871 -289 -841 -522 455 -679 -437 464 448 -163 641 57 -249 -649 287 -717 655 720 -946 -233 112 -338 -146 596 -269 188 -6 -620 684 580 890 -515 -609 24 -839 597 -424 -83 -29 -371 -484 104 8 -246 -392 -486 30 647 448 301 573 -5 439 -789 841 793 -431 -341 20 -575 -815 843 -138 48 426 163 460 -471 -364 85 -271 -1000 -825 -44 -848 604 -327 -150 -978 574 -243 -257 14 292 -86 893 432 -782 -69 -444 -361 205 -254 279 714 112 538 -571 -642 135 426 835 719 -816 -145 -324 353 -283 -295 16 -91 659 852 227 265 166 -887 -210 276 -943 -677 912 -188 -980 79 -20 57 -883 219 -845 183 767 -117 -541 -134 -207 -779 -786 -370 -245 -726 -251 -975 -592 -353 949 676 594 141 -451 -693 -950 746 321 -496 -44 86 724 -548 141 84 -493 -732 379 -305 466 -643 556 -300 -533
2 89 661 802
2 127 506 50
2 677 813 -854
2 351 807 -721
2 161 229 -435
2 211 915 -637
1 340 406
1 390 994
1 472 926
1 74 528
2 330 624 -999
2 79 647 513
2 242 460 -557
1 128 200
2 680 869 -106
1 753 762
1 659 861
2 548 702 -190
2 367 705 437
1 159 970
1 32 995
2 37 83 -82
2 464 877 429
2 717 936 247
2 515 982 834
2 269 443 857
1 345 442
1 410 742
2 777 842 710
2 189 247 -638
1 490 677
2 128 847 -237
2 203 504 -445
1 578 962
2 174 929 822
1 13 651
1 243 763
1 29 509
1 44 630
1 105 851
2 643 911 156
1 528 545
2 6 85 886
2 522 739 819
1 573 893
2 680 742 -792
2 114 234 -103
1 428 932
1 586 883
1 125 764
1 479 559
1 605 650
1 59 160
1 96 605
2 195 558 826
1 643 869
1 174 449
2 914 1000 -18
2 532 582 -841
1 174 372
1 176 706
2 260 665 493
2 118 959 308
1 570 659
2 177 522 -37
2 221 242 -994
1 777 845
1 519 830
1 179 554
2 388 847 644
2 769 858 619
1 750 821
1 126 390
2 328 798 635
1 461 491
2 32 714 680
1 129 879
1 380 903
2 44 600 901
1 4 719
2 480 839 -207
1 219 383
1 415 915
2 388 782 407
2 760 825 -465
1 272 355
2 209 705 -503
2 383 421 115
2 819 900 -852
2 36 263 95
2 88 958 944
1 419 942
2 626 628 663
2 436 935 -978
2 675 934 -622
1 836 970
2 250 724 339
1 0 294
1 375 432
1 23 636
1 599 858
1 60 420
2 273 565 347
2 490 848 793
1 360 740
2 541 748 221
2 75 881 -477
2 182 290 960
2 94 230 -355
1 197 691
1 80 942
2 788 970 -675
1 421 708
1 210 645
1 142 170
1 314 761
2 398 442 -742
1 675 704
1 65 958
1 43 95
1 639 765
1 317 541
2 452 563 -35
1 136 202
2 232 724 -218
2 148 159 324
1 261 558
2 546 958 -252
2 19 727 252
2 753 756 724
2 798 890 84
2 479 599 -862
2 451 558 -80
1 448 738
1 58 516
1 722 743
1 267 793
2 192 573 843
1 434 919
1 242 267
1 325 934
1 377 414
2 828 984 -897
2 143 182 541
2 370 798 -459
2 122 466 236
1 219 450
1 64 551
2 458 555 909
1 949 984
2 3 674 -398
2 224 844 379
1 281 698
2 182 867 271
2 817 984 -101
1 183 319
1 886 895
1 300 985
2 267 654 -672
1 35 313
1 311 614
2 768 982 985
1 318 752
1 173 214
1 96 792
1 183 661
2 154 196 -860
2 579 807 903
1 270 490
2 253 317 -635
1 433 982
1 40 982
1 10 860
2 340 758 -717
2 604 675 186
2 378 440 887
2 709 728 305
2 616 942 842
1 330 586
2 432 616 -115
2 587 841 -224
2 434 840 -305
2 57 173 -341
2 252 771 844
2 813 934 -666
2 177 205 421
2 0 614 -374
2 44 235 230
2 173 951 -122
2 236 901 45
1 107 975
2 595 778 -926
2 100 330 828
1 305 378
1 617 809
2 605 835 -559
1 351 374
2 126 969 -555
1 409 797
2 356 999 715
2 788 797 -812
2 480 544 -788
1 892 918
2 95 426 -407
1 506 684
2 47 75 -617
1 17 653
1 42 588
2 414 989 667
2 460 983 -715
1 408 836
2 399 422 77
2 104 933 961
2 892 898 -592
1 320 569
2 153 610 990
1 140 280
2 525 669 -246
2 36 563 -503
2 318 857 836
1 221 482
1 242 322
2 655 923 897
2 561 617 482
1 79 197
2 80 292 610
2 63 648 -335
2 155 860 436
2 711 796 -287
1 142 194
2 498 951 -550
2 92 759 -792
1 66 452
2 508 687 793
2 343 494 -430
2 56 462 -395
2 260 855 -771
2 808 816 -847
2 52 504 534
2 88 457 -696
1 277 589
1 510 893
1 298 330
1 255 309
2 74 332 -229
1 823 992
1 629 866
2 546 644 -395
2 215 506 -942
1 901 911
1 405 601
1 68 530
2 485 614 127
1 109 722
1 146 302
2 43 149 576
1 327 914
1 458 990
2 82 137 156
2 116 263 184
1 586 888
1 733 793
2 165 190 -350
1 265 601
1 88 759
1 22 365
1 279 774
2 655 891 88
1 24 743
1 135 573
2 283 678 -248
1 65 140
1 330 691
2 91 485 -310
1 773 871
1 123 794
1 621 845
1 31 84
1 410 875
1 254 515
2 519 882 298
1 91 449
1 107 201
2 40 820 596
2 453 724 -351
1 786 862
2 140 846 -762
2 869 893 -660
2 46 979 99
1 286 426
1 15 997
2 322 542 55
1 355 452
1 274 980
1 35 610
2 584 700 433
2 512 531 299
1 471 581
2 438 813 737
2 373 793 -645
2 73 508 -715
2 289 921 -20
1 889 951
2 417 841 328
2 264 607 690
1 182 455
2 929 973 -219
1 693 807
1 698 961
1 235 446
1 99 620
2 13 145 -42
1 277 807
2 241 539 -544
1 7 847
2 468 996 771
1 334 659
2 349 973 -282
1 320 522
2 48 381 -145
2 246 694 -59
1 208 932
2 152 690 137
1 646 814
1 799 841
2 549 869 -491
1 778 858
2 179 676 350
2 63 989 -178
2 495 672 -628
1 241 556
2 341 525 -772
2 86 425 -59
1 61 820
1 682 811
1 173 759
2 457 876 622
2 221 247 -425
2 319 863 658
1 176 967
2 114 791 -285
2 758 951 966
1 800 984
2 832 885 -761
2 56 801 377
1 724 866
1 76 151
1 714 741
1 278 883
1 694 706
2 162 737 -305
2 714 771 -480
1 444 976
1 344 495
1 190 427
1 337 792
2 655 863 475
2 568 871 -767
1 446 669
2 114 439 61
1 225 787
1 93 307
2 787 910 -699
1 296 619
2 320 853 413
2 6 582 800
1 385 892
1 801 993
1 326 818
2 712 813 444
1 739 891
2 751 774 -670
1 75 78
1 334 382
1 428 950
1 10 52
1 524 805
1 513 682
1 707 975
1 608 755
2 231 900 -105
1 389 455
2 748 932 204
1 745 977
1 196 449
1 225 449
2 145 724 -382
1 869 1000
2 84 116 -94
2 199 905 -452
2 3 185 -9
2 271 584 754
1 426 439
2 336 516 319
2 291 881 -140
2 43 433 -886
2 72 902 85
2 38 575 229
1 242 858
2 96 168 -873
2 705 853 477
2 201 228 239
1 35 289
2 254 407 -590
1 337 813
1 103 312
1 151 388
2 76 877 -931
1 23 209
2 404 774 869
2 332 863 544
2 551 864 891
2 86 461 -993
2 652 772 -29
2 858 918 205
1 407 661
2 798 822 -778
2 250 605 -904
1 597 883
2 185 339 -405
2 5 594 -451
1 47 1000
2 192 825 463
2 7 354 414
2 55 286 -661
2 95 398 546
1 778 837
2 85 600 580
1 185 481
2 537 945 -709
1 280 551
2 136 770 304
1 80 246
2 562 655 238
2 304 402 45
2 202 418 -983
2 627 809 -940
2 222 638 625
1 328 856
1 235 591
2 801 883 -384
2 494 599 274
1 11 105
1 271 983
2 859 875 -580
1 27 414
1 78 369
2 298 526 651
1 552 758
2 263 589 220
2 385 553 985
2 82 997 497
2 424 525 -366
1 163 735
1 413 440
1 48 99
1 319 366
1 36 564
1 576 633
1 395 487
2 654 840 44
1 371 771
2 234 992 990
1 181 944
2 795 907 382
2 149 485 -835
1 261 895
1 295 332
2 59 338 -841
1 330 644
2 131 475 829
1 142 811
1 802 873
2 317 755 327
1 678 881
2 514 521 328
2 433 645 970
2 694 782 847
2 233 858 981
1 12 53
1 85 418
1 504 695
1 930 939
2 158 690 735
2 39 635 -114
2 234 287 678
1 699 771
1 247 690
1 164 838
2 62 258 615
1 5 402
2 392 614 -588
1 296 677
1 641 925
2 615 778 164
2 407 670 377
2 431 649 144
1 50 409
2 660 779 -545
2 376 888 -810
2 381 895 253
2 446 564 -797
2 284 848 -228
2 189 420 -586
1 17 149
2 85 354 -739
2 508 752 228
2 345 647 -310
2 539 950 -514
2 84 635 348
2 237 427 -506
2 17 757 103
2 619 623 -962
1 36 106
2 606 937 -145
1 808 952
1 291 792
2 149 358 -985
1 562 571
2 101 377 838
2 216 683 845
1 796 891
2 807 811 -1000
1 271 355
1 718 940
1 476 757
2 130 307 479
1 248 404
2 32 273 159
1 1 45
2 210 344 -708
2 300 756 -149
1 143 981
2 269 725 844
1 419 447
1 166 762
1 658 935
1 410 929
2 454 589 -624
2 515 559 -356
2 77 499 321
1 342 690
1 42 126
2 490 757 416
1 493 768
1 124 444
1 189 291
2 554 768 -184
2 764 951 -166
1 121 563
2 277 823 -392
2 345 434 836
2 27 132 -351
1 640 774
1 514 608
2 65 948 -245
1 238 904
2 367 828 629
2 223 785 598
1 205 603
1 395 988
1 529 626
2 182 467 352
1 397 753
2 163 293 402
2 375 403 -983
1 254 579
2 72 853 509
2 793 827 -841
1 13 947
2 455 631 -558
1 704 859
2 800 936 -112
1 918 939
2 218 291 113
2 716 858 -905
1 290 651
2 697 989 -463
2 275 830 748
1 553 997
2 91 442 973
1 66 332
1 41 477
2 198 202 -943
1 477 509
1 57 631
2 58 703 753
2 449 797 0
2 46 858 162
1 149 862
2 79 107 303
2 407 551 617
2 71 262 929
1 55 74
1 365 631
2 174 827 -834
2 160 787 -398
2 636 775 115
1 683 956
2 573 594 -74
2 0 899 183
1 288 416
2 139 313 -23
1 224 246
1 270 354
2 167 665 564
2 889 976 474
1 839 964
2 580 921 -298
1 367 772
2 605 696 -784
2 289 349 -697
1 69 753
2 628 634 -910
1 292 659
2 220 949 941
1 488 523
1 942 975
1 509 529
2 294 515 12
1 311 670
1 224 862
1 186 422
2 653 726 -718
1 565 887
1 453 530
2 523 541 -859
1 117 471
2 864 936 679
1 315 605
2 312 389 540
1 322 772
1 330 691
2 338 915 -783
2 790 960 -408
1 58 78
1 665 781
1 165 931
2 162 992 -279
2 359 474 204
1 48 664
1 123 896
1 319 506
2 273 774 601
2 565 650 939
1 127 838
2 443 783 -453
2 70 993 -955
2 56 57 428
2 456 652 -38
1 369 781
2 57 993 -410
1 479 881
2 237 348 416
1 591 833
1 38 377
1 203 490
2 71 814 482
1 496 623
2 152 396 -146
2 271 953 -216
2 462 473 779
1 438 563
2 330 450 168
1 138 886
2 422 991 -698
2 356 645 457
1 362 856
1 332 682
2 522 610 -124
2 210 414 885
1 533 678
2 426 612 934
1 540 880
2 238 921 96
2 63 436 878
2 424 839 817
2 309 939 -483
1 853 926
2 37 901 71
2 471 602 -537
2 423 831 653
2 290 656 -675
2 337 679 499
1 299 489
2 233 452 -704
2 308 610 918
1 644 812
2 597 688 470
2 92 315 -936
1 89 300
1 39 474
1 459 942
1 231 562
1 520 932
2 280 672 -160
1 612 886
2 785 794 -904
2 140 701 130
2 425 683 -609
1 206 455
1 535 908
2 243 251 897
1 149 378
2 310 484 -352
2 503 504 -470
2 697 766 -440
1 480 752
1 700 851
1 574 764
1 549 693
2 121 772 63
2 315 532 698
1 257 475
2 176 816 -523
2 457 743 895
2 299 603 -350
2 306 510 798
1 457 935
2 320 627 -173
2 66 532 135
1 276 874
2 126 925 78
2 96 235 -415
1 492 946
2 72 137 -511
2 354 579 -681
1 607 632
1 108 692
2 40 149 745
2 504 832 425
2 76 499 933
1 165 965
1 252 499
2 285 723 601
1 152 600
2 276 320 -984
2 476 861 -924
1 464 586
1 804 908
1 249 294
2 175 846 281
2 532 865 -948
1 721 855
2 142 857 790
1 75 662
1 290 806
1 704 902
1 259 704
2 225 926 23
2 337 629 479
2 605 807 -432
1 88 647
1 632 689
2 162 303 701
2 389 639 -616
2 441 949 -784
1 345 545
2 215 339 -787
2 703 800 241
2 106 765 796
1 725 978
2 89 873 -287
1 93 390
2 202 300 -975
2 318 785 943
1 17 558
1 204 221
2 427 619 -919
1 7 635
1 3 38
1 31 845
2 19 807 -722
1 501 692
2 101 194 -684
2 432 734 -256
2 334 383 968
1 544 894
2 619 999 999
2 827 964 131
2 344 845 -176
1 141 418
1 200 235
1 241 339
1 38 573
2 717 809 525
1 560 838
2 35 221 477
2 37 729 494
1 545 949
2 118 667 -588
1 254 416
1 40 57
2 525 602 -967
1 426 833
2 87 674 -857
1 2 701
2 244 960 671
1 237 436
2 774 885 864
2 27 50 -232
2 419 601 57
2 287 795 -825
1 116 318
2 262 265 -117
1 1 814
2 330 810 520
2 114 728 -868
1 50 958
1 396 654
1 112 580
2 185 655 867
2 609 731 104
1 685 690
1 509 527
1 738 804
1 423 918
1 304 485
1 156 502
2 522 680 -61
1 308 661
2 837 863 934
2 41 397 962
1 58 932
2 264 594 -221
1 501 560
2 44 143 979
2 113 857 -869
1 61 528
1 277 480
2 346 413 203
1 427 912
1 36 180
2 686 958 523
2 904 908 252
2 30 597 -507
2 102 285 -953
2 514 656 402
1 148 191
1 636 728
1 376 538
1 181 368
2 44 644 500
1 61 175
1 423 944
2 323 350 589
2 396 878 -369
2 387 895 437
1 838 851
1 270 888
2 587 853 839
2 14 352 -9
2 52 272 -336
2 81 239 -708
1 737 825
2 35 220 473
1 115 804
1 358 524
2 336 965 692
1 601 756
1 402 408
2 495 800 -662
2 270 828 999
2 303 496 520
1 320 465
1 85 513
1 91 586
1 410 512
1 128 836
1 303 594
2 749 867 -52
2 332 438 -485
1 315 884
2 306 548 356
1 189 738
2 62 536 -384
2 397 681 -567
2 569 919 -908
2 2 578 397
2 44 268 746
2 0 626 883
2 542 866 -34
2 575 991 -513
1 698 936
2 270 440 -53
2 546 949 430
2 9 467 -383
1 167 900
2 145 306 26
1 508 701
2 49 630 234
1 363 879
1 202 399
1 155 426
1 413 618
1 605 633
1 85 107
2 837 892 -99
2 600 826 -638
1 44 800
1 93 737
2 825 890 -632
1 951 960
1 600 917
1 577 988
1 329 950
1 661 713
2 721 783 -979
1 80 706
2 272 335 -269
2 130 793 -13
1 219 671
1 471 889
2 65 150 -144
2 193 386 -459
1 413 757
1 223 905
2 462 467 -410
2 383 888 235
2 195 418 544
2 66 356 874
2 332 504 183
1 568 858
2 220 300 34
1 101 763
2 510 532 113
1 135 945
2 787 978 77
1 44 595
1 221 868
1 431 842
1 45 426
2 637 693 -379
2 327 431 646
1 281 356
1 676 890
1 351 373
2 495 738 -230
1 302 843
2 45 787 -935
2 717 974 -863
1 152 248
1 486 816
1 545 817
1 55 886
2 392 410 680
2 86 709 425
1 191 597
2 741 748 805
2 250 770 572
1 636 997
2 54 207 -798
2 169 381 -702
2 462 831 457
2 541 654 -626
2 12 188 -70
2 762 960 -26
2 461 686 -800
2 235 305 -538
1 369 545
1 537 761
2 55 600 -779
1 259 618
1 548 757
2 106 178 -926
2 320 584 -324
2 605 927 -732
1 112 569
1 888 975
1 24 730
1 252 863
2 315 567 -748
2 642 647 -304
2 399 999 -80
2 102 330 -129
1 229 263
1 221 309
1 91 552
1 48 983
1 491 669
1 124 586
1 26 944
1 146 241
2 228 273 -211
1 94 461
1 544 596
1 584 713
1 162 176
1 265 910
1 172 668
2 610 999 698
2 5 72 354
2 177 399 -65
1 247 600
2 746 986 -678
2 26 948 -597
1 224 415
1 18 289
1 854 856
1 503 815
