61 148 27
5 17 25 11 10 8 15 22 24 16 19 14 20 7 12 0 0 0 0 0 0 0 0 0 0 0 0 0 0 0 0 0 0 0 0 0 0 0 0 0 0 0 0 0 0 0 0 0 0 0 0 0 0 0 0 0 0 0 0 0 0
15 10
15 53
16 35
16 7
17 42
17 3
18 47
18 3
0 31
0 48
0 39
0 24
0 42
19 5
19 50
20 12
20 9
1 34
1 21
1 36
2 59
2 49
3 18
3 33
3 40
3 17
21 6
21 1
22 14
22 51
23 39
23 5
24 56
24 0
25 4
25 12
26 30
26 10
27 44
27 60
27 32
27 28
27 46
28 52
28 27
4 52
4 54
4 51
4 56
4 25
29 14
29 5
30 26
30 6
5 29
5 60
5 19
5 53
5 23
31 32
31 0
32 31
32 27
33 12
33 3
34 14
34 1
6 21
6 30
35 16
35 12
36 10
36 1
37 13
37 54
38 41
38 10
7 16
7 59
39 23
39 0
40 3
40 9
41 14
41 38
8 43
9 20
9 40
9 55
42 0
42 17
43 8
43 10
44 27
44 58
45 14
45 46
46 27
46 45
47 13
47 18
10 43
10 26
10 36
10 15
10 38
48 57
48 0
49 2
49 12
50 13
50 19
51 22
51 4
52 28
52 4
53 15
53 5
11 55
12 33
12 20
12 35
12 49
12 25
13 57
13 37
13 47
13 50
13 58
54 4
54 37
55 9
55 11
56 4
56 24
57 48
57 13
14 45
14 22
14 34
14 29
14 41
58 13
58 44
59 7
59 2
60 27
60 5
